# Blender 5.0.1
# www.blender.org
mtllib tank_.mtl
o Cube
v 0.507155 0.500053 1.578842
v 1.320149 1.112107 -0.142910
v 0.507155 -1.384419 0.908943
v 1.320149 -0.772365 -0.812809
v -1.320149 0.772365 0.812809
v -0.507155 1.384419 -0.908943
v -1.320149 -1.112107 0.142910
v -0.507155 -0.500053 -1.578842
vn -0.4065 -0.3060 0.8609
vn -0.0000 -0.9422 -0.3349
vn -0.9137 0.1362 -0.3830
vn 0.4065 0.3060 -0.8609
vn 0.9137 -0.1362 0.3830
vn -0.0000 0.9422 0.3349
s 0
usemtl Material
f 5//1 3//1 1//1
f 3//2 8//2 4//2
f 7//3 6//3 8//3
f 2//4 8//4 6//4
f 1//5 4//5 2//5
f 5//6 2//6 6//6
f 5//1 7//1 3//1
f 3//2 7//2 8//2
f 7//3 5//3 6//3
f 2//4 4//4 8//4
f 1//5 3//5 4//5
f 5//6 1//6 2//6
o Cube.001
v 0.886695 4.572716 0.743527
v 1.204181 3.866230 -1.100403
v 0.766816 2.701653 1.439768
v 1.084303 1.995167 -0.404162
v -1.084303 4.572716 0.404162
v -0.766816 3.866230 -1.439768
v -1.204181 2.701653 1.100403
v -0.886695 1.995167 -0.743527
vn -0.1587 0.3532 0.9220
vn -0.0599 -0.9355 0.3481
vn -0.9855 -0.0000 -0.1697
vn 0.1587 -0.3532 -0.9220
vn 0.9855 -0.0000 0.1697
vn 0.0599 0.9355 -0.3481
s 0
usemtl Material.001
f 13//7 11//7 9//7
f 11//8 16//8 12//8
f 15//9 14//9 16//9
f 10//10 16//10 14//10
f 9//11 12//11 10//11
f 13//12 10//12 14//12
f 13//7 15//7 11//7
f 11//8 15//8 16//8
f 15//9 13//9 14//9
f 10//10 12//10 16//10
f 9//11 11//11 12//11
f 13//12 9//12 10//12
